rooms\\frontfoyer.png
Front Foyer
8
0 0 960 270
0 0 250 350
0 330 290 390
360 486 240 60
430 436 160 50
290 510 670 210
660 330 300 390
700 270 260 60
4
250 280 50 50 16
660 270 50 50 2
300 470 50 50 1
600 470 50 50 3
450
350
rooms\\office.png
Office
6
0 0 320 470
0 0 960 280
0 460 960 240
630 190 960 720
440 200 200 160
320 380 60 100
1
350 260 50 50 0
390
330
rooms\\washroom1.png
Washroom 1
8
0 0 370 406
0 0 960 340
610 210 350 510
330 480 30 20
0 490 960 230
500 450 100 50
560 400 50 100
0 420 320 70
1
320 420 50 50 0
400
420
rooms\\hallway1.png
Hallway 1
6
0 0 154 720
150 240 70 2
150 470 70 2
214 370 960 720
214 250 960 38
830 290 70 70
3
150 250 50 50 0
150 420 50 50 4
780 310 50 50 5
440
310
rooms\\library.png
Library
9
0 0 960 350
400 350 30 30
0 0 290 420
0 480 500 240
250 420 2 100
490 520 100 2
560 480 960 720
580 450 100 50
650 350 200 300
3
320 330 50 50 3
250 430 50 50 7
500 500 50 50 8
470
420
rooms\\cafeteria.png
Cafeteria
11
0 0 960 290
0 370 150 120
0 570 150 150
90 300 2 100
90 500 2 100
200 290 550 110
750 290 50 50
200 500 420 100
810 290 150 430
150 600 550 120
700 640 100 2
3
90 300 50 50 6
90 500 50 50 3
720 610 50 50 11
450
430
rooms\\shop.png
Shop
7
0 0 960 360
0 0 530 400
340 470 140 50
0 520 960 200
0 400 360 70
590 360 370 90
640 440 2 100
1
600 460 50 50 5
520
450
rooms\\storageroom.png
Storage Room
1
0 0 960 330
0
100
100